[50, 0.75, 100, 5, 50] - Done
[50, 0.75, 100, 5, 60] - In progress on home pc
[50, 0.75, 100, 10, 50]
[50, 0.75, 100, 10, 60]
[50, 0.75, 500, 5, 50]
[50, 0.75, 500, 5, 60]
[50, 0.75, 500, 10, 50]
[50, 0.75, 500, 10, 60]
[50, 0.75, 1000, 5, 50]
[50, 0.75, 1000, 5, 60]
[50, 0.75, 1000, 10, 50]
[50, 0.75, 1000, 10, 60]
[50, 1.41, 100, 5, 50]
[50, 1.41, 100, 5, 60]
[50, 1.41, 100, 10, 50]
[50, 1.41, 100, 10, 60]
[50, 1.41, 500, 5, 50]
[50, 1.41, 500, 5, 60]
[50, 1.41, 500, 10, 50]
[50, 1.41, 500, 10, 60]
[50, 1.41, 1000, 5, 50]
[50, 1.41, 1000, 5, 60]
[50, 1.41, 1000, 10, 50]
[50, 1.41, 1000, 10, 60]
[50, 2, 100, 5, 50]
[50, 2, 100, 5, 60]
[50, 2, 100, 10, 50]
[50, 2, 100, 10, 60]
[50, 2, 500, 5, 50]
[50, 2, 500, 5, 60]
[50, 2, 500, 10, 50]
[50, 2, 500, 10, 60]
[50, 2, 1000, 5, 50]
[50, 2, 1000, 5, 60]
[50, 2, 1000, 10, 50]
[50, 2, 1000, 10, 60]
[100, 0.75, 100, 5, 50]
[100, 0.75, 100, 5, 60]
[100, 0.75, 100, 10, 50]
[100, 0.75, 100, 10, 60]
[100, 0.75, 500, 5, 50]
[100, 0.75, 500, 5, 60]
[100, 0.75, 500, 10, 50]
[100, 0.75, 500, 10, 60]
[100, 0.75, 1000, 5, 50]
[100, 0.75, 1000, 5, 60]
[100, 0.75, 1000, 10, 50]
[100, 0.75, 1000, 10, 60]
[100, 1.41, 100, 5, 50]
[100, 1.41, 100, 5, 60]
[100, 1.41, 100, 10, 50]
[100, 1.41, 100, 10, 60]
[100, 1.41, 500, 5, 50]
[100, 1.41, 500, 5, 60]
[100, 1.41, 500, 10, 50]
[100, 1.41, 500, 10, 60]
[100, 1.41, 1000, 5, 50]
[100, 1.41, 1000, 5, 60]
[100, 1.41, 1000, 10, 50]
[100, 1.41, 1000, 10, 60]
[100, 2, 100, 5, 50]
[100, 2, 100, 5, 60]
[100, 2, 100, 10, 50]
[100, 2, 100, 10, 60]
[100, 2, 500, 5, 50]
[100, 2, 500, 5, 60]
[100, 2, 500, 10, 50]
[100, 2, 500, 10, 60]
[100, 2, 1000, 5, 50]
[100, 2, 1000, 5, 60]
[100, 2, 1000, 10, 50]
[100, 2, 1000, 10, 60]
[500, 0.75, 100, 5, 50]
[500, 0.75, 100, 5, 60]
[500, 0.75, 100, 10, 50]
[500, 0.75, 100, 10, 60]
[500, 0.75, 500, 5, 50]
[500, 0.75, 500, 5, 60]
[500, 0.75, 500, 10, 50]
[500, 0.75, 500, 10, 60]
[500, 0.75, 1000, 5, 50]
[500, 0.75, 1000, 5, 60]
[500, 0.75, 1000, 10, 50]
[500, 0.75, 1000, 10, 60]
[500, 1.41, 100, 5, 50]
[500, 1.41, 100, 5, 60]
[500, 1.41, 100, 10, 50]
[500, 1.41, 100, 10, 60]
[500, 1.41, 500, 5, 50]
[500, 1.41, 500, 5, 60]
[500, 1.41, 500, 10, 50]
[500, 1.41, 500, 10, 60]
[500, 1.41, 1000, 5, 50]
[500, 1.41, 1000, 5, 60]
[500, 1.41, 1000, 10, 50]
[500, 1.41, 1000, 10, 60]
[500, 2, 100, 5, 50]
[500, 2, 100, 5, 60]
[500, 2, 100, 10, 50]
[500, 2, 100, 10, 60]
[500, 2, 500, 5, 50]
[500, 2, 500, 5, 60]
[500, 2, 500, 10, 50]
[500, 2, 500, 10, 60]
[500, 2, 1000, 5, 50]
[500, 2, 1000, 5, 60]
[500, 2, 1000, 10, 50]
[500, 2, 1000, 10, 60]